952
222.582000 555.880000 0
226.411000 535.734000 0
226.830000 529.925000 0
215.764000 568.830000 0
239.367000 536.016000 0
224.913000 532.441000 0
209.301000 556.903000 0
236.416000 540.600000 0
224.061000 534.263000 0
211.675000 558.408000 0
239.592000 532.434000 0
224.364000 559.495000 0
220.177000 540.001000 0
240.789000 553.052000 0
224.106000 546.661000 0
214.847000 543.047000 0
221.674000 541.871000 0
249.563000 551.196000 0
229.334000 528.570000 0
211.302000 555.600000 0
250.067000 552.697000 0
268.653000 557.404000 0
235.389000 534.113000 0
212.799000 552.938000 0
242.399000 542.464000 0
233.740000 535.957000 0
219.218000 538.707000 0
231.502000 550.940000 0
223.210000 539.615000 0
231.180000 539.792000 0
223.663000 530.024000 0
219.801000 550.188000 0
213.559000 549.780000 0
236.577000 549.142000 0
221.794000 539.066000 0
239.178000 543.360000 0
229.119000 525.745000 0
261.308000 556.653000 0
225.927000 534.228000 0
209.065000 555.392000 0
215.844000 560.643000 0
232.194000 522.341000 0
225.335000 539.852000 0
229.029000 530.851000 0
220.752000 545.283000 0
232.203000 535.273000 0
253.606000 554.210000 0
228.087000 549.990000 0
231.734000 533.854000 0
237.932000 545.817000 0
265.274000 560.713000 0
242.852000 544.501000 0
227.587000 539.733000 0
230.981000 553.505000 0
231.969000 531.981000 0
229.123000 537.430000 0
217.011000 543.165000 0
231.783000 529.690000 0
215.747000 547.207000 0
231.365000 538.190000 0
260.633000 558.995000 0
234.920000 527.478000 0
227.052000 533.107000 0
235.179000 552.726000 0
233.261000 528.233000 0
245.825000 550.002000 0
212.803000 548.654000 0
243.264000 555.720000 0
227.243000 542.564000 0
230.100000 532.084000 0
243.278000 537.938000 0
244.072000 551.095000 0
239.135000 538.692000 0
248.182000 546.207000 0
222.036000 534.421000 0
218.688000 542.290000 0
225.293000 554.651000 0
234.157000 534.366000 0
228.964000 533.386000 0
245.322000 556.984000 0
238.303000 535.923000 0
250.440000 555.394000 0
228.561000 547.012000 0
244.072000 545.719000 0
224.987000 537.173000 0
228.205000 534.736000 0
234.451000 558.617000 0
213.101000 565.146000 0
212.830000 562.496000 0
211.922000 560.732000 0
214.608000 551.766000 0
233.847000 537.085000 0
224.839000 550.262000 0
234.087000 538.982000 0
236.974000 535.971000 0
242.925000 549.424000 0
221.317000 536.870000 0
235.846000 537.336000 0
245.045000 547.538000 0
217.292000 554.849000 0
237.678000 531.581000 0
243.996000 552.608000 0
227.566000 556.018000 0
230.181000 536.166000 0
232.954000 541.405000 0
221.957000 552.467000 0
252.328000 554.252000 0
234.847000 547.120000 0
232.937000 554.948000 0
230.575000 524.037000 0
217.665000 559.732000 0
227.725000 538.203000 0
220.606000 554.866000 0
238.843000 551.197000 0
261.342000 561.153000 0
232.637000 557.982000 0
233.910000 544.681000 0
234.593000 556.933000 0
237.138000 533.975000 0
237.646000 557.002000 0
240.966000 540.627000 0
217.993000 548.250000 0
241.386000 548.842000 0
262.318000 559.271000 0
248.266000 552.514000 0
239.743000 548.452000 0
229.959000 543.148000 0
244.606000 541.431000 0
214.296000 545.947000 0
233.271000 548.764000 0
240.918000 536.807000 0
232.553000 536.804000 0
248.126000 550.340000 0
233.471000 531.571000 0
237.369000 552.803000 0
264.568000 557.390000 0
271.173000 555.704000 0
218.465000 552.219000 0
226.832000 558.987000 0
257.750000 556.411000 0
236.079000 530.204000 0
215.561000 549.600000 0
219.883000 560.078000 0
240.740000 555.660000 0
236.719000 555.287000 0
224.958000 543.304000 0
270.120000 559.647000 0
231.404000 532.740000 0
247.201000 554.326000 0
224.127000 541.065000 0
229.930000 556.220000 0
221.576000 550.178000 0
265.172000 559.353000 0
214.520000 556.367000 0
216.332000 551.414000 0
236.441000 546.784000 0
216.410000 545.079000 0
228.633000 553.070000 0
216.621000 540.291000 0
212.210000 546.512000 0
230.467000 518.723000 0
229.233000 521.909000 0
208.206000 553.612000 0
217.418000 538.273000 0
210.170000 549.423000 0
227.390000 520.501000 0
210.881000 406.033000 0
200.086000 470.076000 0
197.113000 467.949000 0
194.945000 430.991000 0
194.710000 414.208000 0
194.795000 463.519000 0
202.120000 419.238000 0
193.662000 426.098000 0
198.873000 413.816000 0
198.118000 416.220000 0
193.341000 441.596000 0
195.123000 435.195000 0
205.114000 414.879000 0
202.703000 413.844000 0
191.782000 462.506000 0
192.847000 458.184000 0
211.490000 401.065000 0
201.635000 443.187000 0
201.151000 415.634000 0
193.826000 428.357000 0
197.989000 440.796000 0
224.498000 401.256000 0
196.162000 440.743000 0
194.872000 440.541000 0
191.392000 474.926000 0
195.471000 472.287000 0
210.068000 401.991000 0
203.883000 417.784000 0
201.635000 417.456000 0
192.875000 435.527000 0
200.631000 448.710000 0
198.557000 437.590000 0
197.493000 446.069000 0
199.587000 446.299000 0
203.468000 411.077000 0
194.120000 476.671000 0
198.047000 447.303000 0
196.169000 474.160000 0
197.428000 470.405000 0
200.768000 473.364000 0
192.469000 431.440000 0
218.317000 402.224000 0
203.605000 420.647000 0
199.304000 444.322000 0
200.455000 417.485000 0
202.842000 416.158000 0
203.229000 447.883000 0
203.656000 451.148000 0
197.597000 418.334000 0
199.381000 447.779000 0
193.890000 466.494000 0
192.342000 480.202000 0
214.902000 402.552000 0
201.831000 446.177000 0
193.527000 471.310000 0
196.337000 444.595000 0
199.603000 410.486000 0
203.787000 412.528000 0
213.573000 401.199000 0
204.001000 409.235000 0
150.079000 432.980000 0
183.752000 408.058000 0
159.324000 424.417000 0
185.835000 454.026000 0
163.843000 448.038000 0
161.804000 432.185000 0
175.744000 412.337000 0
174.394000 460.343000 0
180.807000 418.921000 0
177.076000 415.258000 0
178.366000 469.129000 0
167.932000 449.057000 0
171.353000 421.324000 0
179.527000 430.220000 0
183.016000 448.742000 0
182.940000 426.514000 0
187.644000 459.905000 0
178.977000 419.494000 0
146.534000 429.316000 0
189.326000 456.835000 0
181.787000 459.958000 0
169.577000 435.073000 0
177.136000 460.295000 0
174.269000 420.081000 0
187.175000 429.630000 0
171.814000 451.829000 0
180.993000 457.728000 0
169.739000 433.131000 0
136.349000 423.368000 0
150.144000 427.058000 0
164.845000 424.533000 0
184.809000 423.777000 0
170.633000 460.004000 0
183.185000 423.849000 0
169.984000 456.292000 0
184.101000 432.682000 0
182.150000 407.410000 0
162.896000 439.307000 0
164.284000 422.655000 0
174.226000 409.199000 0
148.838000 431.083000 0
181.951000 462.670000 0
129.880000 426.013000 0
132.326000 425.016000 0
186.497000 421.244000 0
175.629000 433.938000 0
180.440000 427.215000 0
167.277000 434.053000 0
127.038000 428.315000 0
189.555000 434.322000 0
187.787000 475.563000 0
187.719000 433.012000 0
162.404000 421.869000 0
174.675000 411.372000 0
167.902000 423.574000 0
156.691000 434.448000 0
188.337000 470.070000 0
186.996000 423.122000 0
183.411000 405.473000 0
176.774000 440.350000 0
174.148000 422.618000 0
165.217000 451.513000 0
178.976000 437.023000 0
167.200000 426.962000 0
170.027000 417.849000 0
177.914000 427.188000 0
169.456000 452.329000 0
183.483000 410.663000 0
177.284000 419.232000 0
164.299000 417.972000 0
190.491000 436.018000 0
170.004000 439.242000 0
187.122000 456.196000 0
169.225000 430.870000 0
150.878000 431.757000 0
127.491000 426.865000 0
148.775000 424.323000 0
188.650000 421.817000 0
175.216000 452.344000 0
156.513000 428.591000 0
174.836000 456.361000 0
188.335000 436.911000 0
182.368000 455.811000 0
190.872000 427.975000 0
183.812000 456.271000 0
115.976000 432.047000 0
181.462000 441.629000 0
190.795000 470.163000 0
186.527000 449.550000 0
186.213000 457.958000 0
188.227000 427.658000 0
176.466000 407.584000 0
162.798000 435.464000 0
167.193000 454.334000 0
139.670000 425.850000 0
184.852000 412.281000 0
186.392000 426.199000 0
162.441000 442.974000 0
185.304000 471.608000 0
190.688000 423.351000 0
166.494000 435.302000 0
172.685000 460.339000 0
164.725000 426.542000 0
156.416000 430.161000 0
186.262000 434.868000 0
182.880000 428.535000 0
152.724000 431.057000 0
185.693000 469.297000 0
182.220000 453.319000 0
178.550000 463.974000 0
180.788000 471.980000 0
164.160000 429.773000 0
191.604000 412.766000 0
177.924000 443.348000 0
170.413000 427.391000 0
131.209000 427.503000 0
181.159000 408.568000 0
173.351000 437.151000 0
158.563000 440.786000 0
179.312000 408.176000 0
176.878000 412.914000 0
153.834000 429.680000 0
170.179000 451.269000 0
172.226000 428.791000 0
175.158000 463.841000 0
185.234000 466.064000 0
181.616000 466.376000 0
154.539000 426.476000 0
172.224000 418.546000 0
176.143000 409.948000 0
178.340000 467.453000 0
165.198000 436.702000 0
190.401000 425.639000 0
159.237000 430.377000 0
154.462000 437.997000 0
180.867000 424.538000 0
169.112000 437.571000 0
178.662000 470.462000 0
120.871000 430.190000 0
125.632000 429.217000 0
152.172000 426.585000 0
172.003000 432.552000 0
171.569000 458.065000 0
172.139000 446.115000 0
157.736000 426.608000 0
169.028000 450.035000 0
175.172000 443.727000 0
184.790000 434.717000 0
177.152000 450.133000 0
146.322000 424.648000 0
183.215000 430.761000 0
182.798000 408.598000 0
182.404000 420.686000 0
169.470000 441.153000 0
180.146000 405.973000 0
159.323000 437.192000 0
185.748000 410.913000 0
178.226000 455.676000 0
171.507000 425.275000 0
166.778000 446.022000 0
160.429000 434.692000 0
156.405000 438.698000 0
171.142000 417.433000 0
190.275000 439.138000 0
172.713000 439.475000 0
188.480000 466.243000 0
178.357000 412.993000 0
184.847000 421.602000 0
163.555000 413.207000 0
122.511000 428.291000 0
176.850000 424.055000 0
160.265000 444.755000 0
190.773000 432.988000 0
190.894000 417.441000 0
177.321000 421.075000 0
168.487000 428.862000 0
165.384000 453.560000 0
161.575000 427.393000 0
167.007000 416.792000 0
189.594000 429.948000 0
169.300000 450.934000 0
131.664000 425.897000 0
157.027000 431.794000 0
179.061000 410.559000 0
173.102000 412.104000 0
154.227000 423.637000 0
179.539000 447.645000 0
153.439000 435.855000 0
168.545000 452.984000 0
176.201000 467.653000 0
175.544000 436.379000 0
174.483000 424.671000 0
184.822000 463.570000 0
180.096000 454.354000 0
178.307000 416.871000 0
180.805000 469.539000 0
150.949000 423.713000 0
147.897000 426.846000 0
164.600000 432.490000 0
172.136000 463.114000 0
184.805000 458.042000 0
184.027000 435.815000 0
178.610000 424.340000 0
133.714000 427.429000 0
191.674000 437.536000 0
171.772000 409.313000 0
152.832000 433.586000 0
182.221000 468.855000 0
160.881000 420.733000 0
159.310000 445.942000 0
180.093000 413.470000 0
184.152000 473.717000 0
169.053000 412.061000 0
173.935000 432.067000 0
187.910000 462.633000 0
183.262000 451.625000 0
181.883000 410.052000 0
159.362000 421.925000 0
190.537000 478.273000 0
175.310000 447.403000 0
135.015000 425.790000 0
173.180000 442.372000 0
166.827000 442.107000 0
186.356000 419.052000 0
123.965000 428.112000 0
178.468000 445.159000 0
205.411000 525.864000 0
203.263000 525.619000 0
212.450000 503.289000 0
197.851000 532.930000 0
218.363000 514.321000 0
206.772000 507.838000 0
218.500000 520.859000 0
202.739000 494.223000 0
204.412000 528.753000 0
198.984000 525.554000 0
195.811000 493.423000 0
207.160000 551.483000 0
221.586000 520.770000 0
208.483000 487.893000 0
213.077000 541.517000 0
204.550000 496.172000 0
203.530000 514.787000 0
207.517000 518.672000 0
203.993000 527.175000 0
202.160000 539.990000 0
217.580000 508.576000 0
213.554000 511.824000 0
207.306000 481.605000 0
227.389000 517.820000 0
207.213000 490.781000 0
212.523000 542.652000 0
198.507000 491.230000 0
198.181000 477.359000 0
214.317000 532.554000 0
209.488000 484.568000 0
208.061000 531.363000 0
200.787000 489.745000 0
205.740000 531.274000 0
201.073000 518.079000 0
208.562000 493.914000 0
198.584000 480.238000 0
198.843000 513.861000 0
201.107000 478.843000 0
209.863000 492.422000 0
208.452000 495.679000 0
193.281000 485.304000 0
220.520000 527.164000 0
205.538000 548.457000 0
223.975000 526.000000 0
201.279000 537.464000 0
221.924000 504.741000 0
211.369000 543.985000 0
211.084000 495.585000 0
205.401000 543.739000 0
196.564000 500.614000 0
199.631000 540.513000 0
208.795000 536.652000 0
203.623000 537.823000 0
202.463000 519.841000 0
198.614000 517.178000 0
204.918000 510.025000 0
224.466000 520.620000 0
205.865000 513.146000 0
200.819000 501.327000 0
211.696000 535.045000 0
211.147000 522.267000 0
214.243000 498.285000 0
212.538000 519.187000 0
202.725000 517.308000 0
204.655000 518.197000 0
201.769000 521.009000 0
205.641000 540.558000 0
196.715000 509.454000 0
205.197000 536.054000 0
204.980000 505.633000 0
221.988000 516.324000 0
210.487000 488.482000 0
191.260000 500.731000 0
225.007000 523.282000 0
194.587000 501.123000 0
205.547000 542.546000 0
194.523000 506.618000 0
211.687000 526.964000 0
193.617000 495.495000 0
203.595000 503.466000 0
193.775000 499.284000 0
216.123000 500.977000 0
214.749000 494.171000 0
216.654000 531.857000 0
215.350000 518.724000 0
226.699000 515.543000 0
202.587000 509.182000 0
199.505000 499.852000 0
209.088000 544.166000 0
208.355000 540.886000 0
218.925000 530.171000 0
216.207000 504.509000 0
195.327000 503.925000 0
222.587000 518.555000 0
220.868000 510.158000 0
214.100000 521.899000 0
211.835000 510.092000 0
204.660000 488.324000 0
207.504000 519.675000 0
201.013000 492.947000 0
204.147000 499.569000 0
197.720000 505.178000 0
218.097000 524.680000 0
205.834000 478.238000 0
202.287000 530.522000 0
213.040000 501.065000 0
196.003000 525.849000 0
208.125000 523.700000 0
195.712000 513.524000 0
193.293000 514.179000 0
216.505000 497.655000 0
211.080000 513.964000 0
205.681000 486.267000 0
210.164000 518.720000 0
203.272000 476.070000 0
195.973000 516.604000 0
200.847000 496.965000 0
199.788000 518.815000 0
208.814000 533.663000 0
209.067000 516.368000 0
208.042000 512.977000 0
200.909000 542.331000 0
209.833000 511.180000 0
219.073000 501.362000 0
203.183000 479.422000 0
218.974000 533.654000 0
200.866000 516.159000 0
210.227000 531.122000 0
200.656000 514.831000 0
197.393000 502.145000 0
209.356000 497.979000 0
201.933000 513.317000 0
204.486000 522.322000 0
213.366000 515.721000 0
193.090000 518.550000 0
208.865000 546.349000 0
191.619000 522.280000 0
201.834000 543.972000 0
202.012000 488.186000 0
200.030000 520.149000 0
197.650000 488.046000 0
225.086000 509.582000 0
199.848000 521.853000 0
206.179000 488.121000 0
214.219000 507.463000 0
206.839000 550.000000 0
203.652000 486.693000 0
212.340000 496.789000 0
213.868000 525.254000 0
194.170000 510.473000 0
199.317000 508.721000 0
211.187000 540.336000 0
198.331000 481.824000 0
208.407000 510.693000 0
196.874000 529.958000 0
214.852000 496.135000 0
201.431000 506.421000 0
220.231000 515.535000 0
206.189000 515.986000 0
198.266000 499.326000 0
195.679000 478.786000 0
195.378000 521.000000 0
209.951000 507.011000 0
206.533000 521.353000 0
203.555000 482.856000 0
202.291000 511.979000 0
215.708000 514.240000 0
207.405000 527.141000 0
199.710000 504.692000 0
220.196000 523.356000 0
217.176000 535.344000 0
217.723000 518.021000 0
205.325000 545.679000 0
206.596000 484.705000 0
192.419000 497.664000 0
209.053000 542.758000 0
226.677000 512.870000 0
208.726000 521.095000 0
200.118000 511.223000 0
199.136000 536.375000 0
196.422000 483.560000 0
207.007000 501.192000 0
215.251000 537.405000 0
203.658000 509.435000 0
195.188000 481.302000 0
206.099000 518.163000 0
196.573000 511.674000 0
204.011000 512.036000 0
204.469000 490.231000 0
204.816000 480.239000 0
215.850000 528.108000 0
196.078000 498.572000 0
197.203000 496.476000 0
221.545000 514.904000 0
213.930000 536.134000 0
210.783000 538.188000 0
200.167000 523.845000 0
195.023000 523.715000 0
191.251000 514.689000 0
205.761000 493.927000 0
211.644000 499.557000 0
198.561000 527.850000 0
217.033000 537.025000 0
213.654000 539.664000 0
201.014000 526.694000 0
209.648000 502.935000 0
200.113000 484.813000 0
202.090000 546.349000 0
201.069000 482.245000 0
197.227000 519.409000 0
212.268000 489.563000 0
215.869000 523.859000 0
222.093000 522.114000 0
211.812000 531.893000 0
167.546000 495.276000 0
127.739000 520.128000 0
165.762000 548.451000 0
166.854000 506.613000 0
160.706000 555.597000 0
147.990000 511.248000 0
145.679000 536.261000 0
151.905000 512.231000 0
169.919000 514.183000 0
192.585000 527.152000 0
180.370000 511.754000 0
155.173000 528.344000 0
128.073000 530.724000 0
176.130000 511.867000 0
131.816000 530.208000 0
170.970000 529.472000 0
136.345000 514.232000 0
166.750000 523.161000 0
163.232000 545.539000 0
175.185000 519.650000 0
173.431000 509.627000 0
163.810000 557.795000 0
159.229000 528.432000 0
139.543000 514.404000 0
165.237000 533.248000 0
172.137000 506.265000 0
159.144000 537.488000 0
189.274000 511.667000 0
130.909000 535.275000 0
157.217000 541.584000 0
158.771000 540.466000 0
125.825000 521.410000 0
141.967000 516.792000 0
160.084000 519.194000 0
117.255000 526.428000 0
151.982000 548.655000 0
153.288000 531.726000 0
155.550000 553.334000 0
151.789000 543.702000 0
148.631000 528.702000 0
172.779000 514.053000 0
137.247000 525.608000 0
154.886000 511.990000 0
124.117000 523.066000 0
169.832000 517.413000 0
160.283000 556.658000 0
167.109000 550.391000 0
153.127000 551.067000 0
156.091000 511.417000 0
144.061000 544.944000 0
142.690000 540.744000 0
133.154000 525.445000 0
139.156000 539.282000 0
192.437000 490.708000 0
190.968000 503.679000 0
156.371000 525.976000 0
155.193000 549.692000 0
164.338000 519.954000 0
150.544000 536.042000 0
158.503000 544.745000 0
168.050000 502.198000 0
160.105000 540.176000 0
138.347000 534.846000 0
133.469000 539.795000 0
188.493000 485.722000 0
138.679000 523.370000 0
168.022000 546.799000 0
165.705000 545.361000 0
153.070000 514.652000 0
141.949000 537.613000 0
169.479000 536.830000 0
122.312000 532.803000 0
160.877000 526.900000 0
150.068000 515.202000 0
155.101000 521.607000 0
160.756000 517.171000 0
165.399000 529.413000 0
187.451000 491.389000 0
187.678000 509.827000 0
144.907000 530.642000 0
165.345000 542.766000 0
158.116000 546.799000 0
186.544000 512.539000 0
121.104000 526.461000 0
131.991000 534.727000 0
136.911000 531.406000 0
181.979000 501.356000 0
155.651000 537.845000 0
185.885000 490.146000 0
186.622000 500.142000 0
156.187000 515.211000 0
153.008000 519.733000 0
137.304000 541.042000 0
145.253000 518.719000 0
160.717000 515.543000 0
152.535000 538.412000 0
171.102000 526.673000 0
186.427000 494.210000 0
161.104000 553.801000 0
131.209000 532.976000 0
154.195000 541.927000 0
187.584000 496.358000 0
186.074000 496.732000 0
156.573000 533.949000 0
150.079000 540.773000 0
159.643000 501.308000 0
156.001000 523.632000 0
124.590000 526.035000 0
145.966000 521.331000 0
134.455000 536.812000 0
126.961000 528.569000 0
185.107000 513.991000 0
185.969000 518.056000 0
191.648000 524.489000 0
136.883000 528.397000 0
167.471000 525.899000 0
151.821000 546.449000 0
124.337000 532.664000 0
147.496000 533.179000 0
129.361000 527.981000 0
164.830000 540.746000 0
141.717000 543.550000 0
150.785000 526.301000 0
192.282000 529.644000 0
186.323000 516.245000 0
144.851000 527.612000 0
187.586000 493.119000 0
165.178000 536.892000 0
162.809000 535.196000 0
175.032000 506.112000 0
172.982000 516.748000 0
170.917000 503.963000 0
162.664000 504.612000 0
160.987000 536.562000 0
147.483000 548.436000 0
140.160000 531.504000 0
162.740000 531.505000 0
165.404000 498.700000 0
172.166000 508.356000 0
169.626000 508.278000 0
191.271000 507.418000 0
189.578000 525.811000 0
151.857000 527.620000 0
140.704000 527.366000 0
149.927000 524.586000 0
156.714000 551.292000 0
165.017000 517.418000 0
160.901000 545.896000 0
174.324000 512.703000 0
151.587000 529.967000 0
127.947000 525.833000 0
164.001000 554.680000 0
148.481000 538.796000 0
171.887000 532.588000 0
134.432000 516.879000 0
167.094000 504.545000 0
158.613000 521.553000 0
163.464000 549.527000 0
160.767000 525.296000 0
188.733000 515.752000 0
168.754000 496.453000 0
170.634000 521.434000 0
160.791000 513.825000 0
167.171000 511.769000 0
167.495000 509.527000 0
123.848000 534.238000 0
159.927000 531.247000 0
143.891000 520.550000 0
134.988000 527.115000 0
153.331000 545.475000 0
186.257000 503.428000 0
157.060000 529.271000 0
142.018000 534.085000 0
147.886000 525.910000 0
159.899000 534.143000 0
166.909000 531.393000 0
155.255000 532.309000 0
149.433000 522.618000 0
170.275000 524.196000 0
146.826000 528.428000 0
122.830000 525.187000 0
181.752000 498.922000 0
184.119000 498.277000 0
141.689000 522.928000 0
151.593000 533.642000 0
157.749000 548.743000 0
137.159000 516.849000 0
144.737000 523.294000 0
188.370000 506.721000 0
129.669000 536.708000 0
163.352000 507.331000 0
189.855000 495.774000 0
170.173000 502.460000 0
142.127000 512.051000 0
129.388000 532.439000 0
143.185000 522.484000 0
162.896000 524.170000 0
167.762000 520.262000 0
169.742000 499.655000 0
183.009000 515.859000 0
125.880000 535.303000 0
169.787000 505.896000 0
184.994000 493.548000 0
148.507000 531.075000 0
146.791000 523.921000 0
151.295000 516.998000 0
160.915000 551.933000 0
133.538000 522.309000 0
149.169000 520.095000 0
140.349000 517.634000 0
181.917000 513.346000 0
183.263000 495.260000 0
148.354000 543.547000 0
172.897000 528.278000 0
152.518000 524.381000 0
168.224000 529.515000 0
140.786000 520.693000 0
144.785000 534.221000 0
163.304000 501.959000 0
147.361000 514.244000 0
190.486000 519.317000 0
170.563000 525.729000 0
177.161000 514.028000 0
185.567000 507.183000 0
153.386000 510.862000 0
132.319000 519.226000 0
136.793000 542.304000 0
189.553000 491.911000 0
162.832000 521.897000 0
139.703000 512.380000 0
187.767000 524.365000 0
188.588000 518.951000 0
146.985000 516.656000 0
144.323000 514.766000 0
167.740000 541.336000 0
174.586000 508.681000 0
125.165000 527.828000 0
169.570000 532.135000 0
147.853000 536.093000 0
185.938000 520.580000 0
145.301000 509.633000 0
158.975000 524.687000 0
171.472000 511.893000 0
133.097000 532.937000 0
136.934000 537.991000 0
155.272000 545.012000 0
184.571000 496.187000 0
149.449000 527.111000 0
149.410000 513.247000 0
166.043000 502.333000 0
172.169000 510.341000 0
183.915000 518.566000 0
158.021000 553.671000 0
134.777000 531.655000 0
182.597000 507.047000 0
164.847000 504.132000 0
155.843000 517.653000 0
162.107000 550.910000 0
191.696000 510.660000 0
183.622000 500.241000 0
174.814000 515.528000 0
133.915000 529.292000 0
165.638000 552.378000 0
125.682000 531.705000 0
147.185000 546.257000 0
173.233000 522.902000 0
119.870000 530.252000 0
188.994000 489.543000 0
163.872000 552.960000 0
159.413000 512.680000 0
116.430000 529.603000 0
155.129000 535.652000 0
127.289000 534.159000 0
169.550000 525.448000 0
132.248000 527.640000 0
143.263000 525.352000 0
129.303000 522.915000 0
130.464000 517.613000 0
162.266000 538.804000 0
163.667000 527.843000 0
144.868000 537.975000 0
122.749000 530.220000 0
142.297000 529.838000 0
154.094000 529.063000 0
162.483000 541.343000 0
138.381000 519.134000 0

